1 -2 1
4 4 1
9 6 1
16 8 1
25 10 1
36 12 1
49 14 1
64 16 1
81 18 1
100 20 1
121 22 1
144 24 1
169 26 1
196 28 1
225 30 1
256 32 1
289 34 1
324 36 1
361 38 1
400 40 1
1 2 5
2 3 10
3 4 15
4 5 20
5 6 25
6 7 30
7 8 35
8 9 40
9 10 45
10 11 50
11 12 55
12 13 60
13 14 65
14 15 70
15 16 75
16 17 80
17 18 85
18 19 90
19 20 95
20 21 100
1 -3 2
2 -5 3
3 -7 4
4 -9 5
5 -11 6
6 -13 7
7 -15 8
8 -17 9
9 -19 10
10 -21 11
11 -23 12
12 -25 13
13 -27 14
14 -29 15
15 -31 16
16 -33 17
17 -35 18
18 -37 19
19 -39 20
20 -41 21
